   3.7658893e+05   4.6251633e+06  -2.2733194e-01
   3.7659503e+05   4.6251600e+06  -2.2733194e-01
   3.7659953e+05   4.6251573e+06  -2.2733194e-01
   3.7660113e+05   4.6251539e+06  -2.2733194e-01
   3.7660523e+05   4.6251496e+06  -2.2733194e-01
   3.7660753e+05   4.6251466e+06  -2.2733194e-01
   3.7661233e+05   4.6251422e+06  -2.2733194e-01
   3.7662331e+05   4.6251345e+06  -2.2733194e-01
   3.7662701e+05   4.6251314e+06  -2.2733194e-01
   3.7663058e+05   4.6251258e+06  -2.2733194e-01
   3.7663253e+05   4.6251225e+06  -2.2733194e-01
   3.7663803e+05   4.6251214e+06  -2.2733194e-01
   3.7664225e+05   4.6251161e+06  -2.2733194e-01
   3.7664418e+05   4.6251139e+06  -2.2733194e-01
   3.7665085e+05   4.6251102e+06  -2.2733194e-01
   3.7665400e+05   4.6251065e+06  -2.2733194e-01
   3.7665721e+05   4.6251028e+06  -2.2733194e-01
   3.7666059e+05   4.6250992e+06  -2.2733194e-01
   3.7666426e+05   4.6250958e+06  -2.2733194e-01
   3.7666593e+05   4.6250935e+06  -2.2733194e-01
   3.7666803e+05   4.6250889e+06  -2.2733194e-01
   3.7667290e+05   4.6250864e+06  -2.2733194e-01
   3.7666943e+05   4.6250885e+06  -2.2733194e-01
   3.7667410e+05   4.6250860e+06  -2.2733194e-01
   3.7667770e+05   4.6250825e+06  -2.2733194e-01
   3.7668180e+05   4.6250793e+06  -2.2733194e-01
   3.7668688e+05   4.6250749e+06  -2.2733194e-01
   3.7668853e+05   4.6250723e+06  -2.2733194e-01
   3.7669340e+05   4.6250700e+06  -2.2733194e-01
   3.7669840e+05   4.6250680e+06  -2.2733194e-01
   3.7670343e+05   4.6250659e+06  -2.2733194e-01
   3.7670503e+05   4.6250600e+06  -2.2733194e-01
   3.7670973e+05   4.6250580e+06  -2.2733194e-01
   3.7671240e+05   4.6250537e+06  -2.2733194e-01
   3.7671720e+05   4.6250515e+06  -2.2733194e-01
   3.7672133e+05   4.6250486e+06  -2.2733194e-01
   3.7672623e+05   4.6250464e+06  -2.2733194e-01
   3.7673003e+05   4.6250431e+06  -2.2733194e-01
   3.7673483e+05   4.6250409e+06  -2.2733194e-01
   3.7673753e+05   4.6250365e+06  -2.2733194e-01
   3.7674223e+05   4.6250342e+06  -2.2733194e-01
   3.7674673e+05   4.6250292e+06  -2.2733194e-01
   3.7674978e+05   4.6250276e+06  -2.2733194e-01
   3.7675453e+05   4.6250253e+06  -2.2733194e-01
   3.7675780e+05   4.6250215e+06  -2.2733194e-01
   3.7676253e+05   4.6250192e+06  -2.2733194e-01
   3.7676720e+05   4.6250168e+06  -2.2733194e-01
   3.7677038e+05   4.6250129e+06  -2.2733194e-01
   3.7677513e+05   4.6250105e+06  -2.2733194e-01
   3.7677978e+05   4.6250081e+06  -2.2733194e-01
   3.7678313e+05   4.6250035e+06  -2.2733194e-01
   3.7678713e+05   4.6250014e+06  -2.2733194e-01
   3.7679180e+05   4.6249990e+06  -2.2733194e-01
   3.7679643e+05   4.6249966e+06  -2.2733194e-01
   3.7680069e+05   4.6249938e+06  -2.2733194e-01
   3.7680533e+05   4.6249914e+06  -2.2733194e-01
   3.7681009e+05   4.6249889e+06  -2.2733194e-01
   3.7681468e+05   4.6249854e+06  -2.2733194e-01
   3.7681853e+05   4.6249834e+06  -2.2733194e-01
   3.7682323e+05   4.6249810e+06  -2.2733194e-01
   3.7682783e+05   4.6249785e+06  -2.2733194e-01
   3.7683339e+05   4.6249743e+06  -2.2733194e-01
   3.7683550e+05   4.6249721e+06  -2.2733194e-01
   3.7684020e+05   4.6249696e+06  -2.2733194e-01
   3.7684470e+05   4.6249672e+06  -2.2733194e-01
   3.7684943e+05   4.6249647e+06  -2.2733194e-01
   3.7685501e+05   4.6249606e+06  -2.2733194e-01
   3.7685773e+05   4.6249590e+06  -2.2733194e-01
   3.7686233e+05   4.6249566e+06  -2.2733194e-01
   3.7686693e+05   4.6249541e+06  -2.2733194e-01
   3.7687150e+05   4.6249516e+06  -2.2733194e-01
   3.7687610e+05   4.6249491e+06  -2.2733194e-01
   3.7688030e+05   4.6249462e+06  -2.2733194e-01
   3.7688483e+05   4.6249438e+06  -2.2733194e-01
   3.7688940e+05   4.6249413e+06  -2.2733194e-01
   3.7689400e+05   4.6249388e+06  -2.2733194e-01
   3.7689870e+05   4.6249363e+06  -2.2733194e-01
   3.7690323e+05   4.6249339e+06  -2.2733194e-01
   3.7690813e+05   4.6249305e+06  -2.2733194e-01
   3.7691188e+05   4.6249284e+06  -2.2733194e-01
   3.7691643e+05   4.6249260e+06  -2.2733194e-01
   3.7692103e+05   4.6249235e+06  -2.2733194e-01
